<?xml version="1.0"?>
<opencv_storage>
  <calibration_Time>"10/16/14 19:42:16"</calibration_Time>
  <nrOfFrames>15</nrOfFrames>
  <image_Width>640</image_Width>
  <image_Height>480</image_Height>
  <board_Width>7</board_Width>
  <board_Height>7</board_Height>
  <square_Size>30.</square_Size>
  <FixAspectRatio>1.</FixAspectRatio>
  <!-- flags:  +fix_aspectRatio +fix_principal_point +zero_tangent_dist -->
  <flagValue>14</flagValue>
  <Camera_Matrix type_id="opencv-matrix">
    <rows>3</rows>
    <cols>3</cols>
    <dt>d</dt>
    <data>
      2.3666635184770939e+003 0. 3.1950000000000000e+002 0.
      2.3666635184770939e+003 2.3950000000000000e+002 0. 0. 1.
    </data>
  </Camera_Matrix>
  <Distortion_Coefficients type_id="opencv-matrix">
    <rows>5</rows>
    <cols>1</cols>
    <dt>d</dt>
    <data>
      8.9238766972036494e+000 5.7962719930995615e+002 0. 0.
      -2.5796968891849960e+004
    </data>
  </Distortion_Coefficients>
  <Avg_Reprojection_Error>1.2800303366829926e+000</Avg_Reprojection_Error>
  <Per_View_Reprojection_Errors type_id="opencv-matrix">
    <rows>15</rows>
    <cols>1</cols>
    <dt>f</dt>
    <data>
      1.55832434e+000 2.10710788e+000 7.38378406e-001 7.41738081e-001
      8.99621904e-001 1.25995409e+000 1.23180890e+000 1.36750174e+000
      1.56612277e+000 1.55100596e+000 5.95436752e-001 8.46247792e-001
      7.61100709e-001 1.32218552e+000 1.60399544e+000
    </data>
  </Per_View_Reprojection_Errors>
  <!-- a set of 6-tuples (rotation vector + translation vector) for each view -->
  <Extrinsic_Parameters type_id="opencv-matrix">
    <rows>15</rows>
    <cols>6</cols>
    <dt>d</dt>
    <data>
      -9.1592265681637430e-001 2.0193105843020875e-001
      -2.9663607306967306e+000 3.9685115240950643e+002
      1.0173875377166264e+002 3.9550679318780703e+003
      1.7677321785006089e-001 5.5284063266444505e-001
      6.6583731882157146e-002 1.6859592260950279e+002
      -1.4137748220812793e+002 3.8779749628149634e+003
      2.8133116239038813e-001 1.4120394376209516e-001
      2.1536570887346307e-001 3.9261130292273592e+001
      -1.7019907185918683e+002 3.8479486069126110e+003
      -2.0166430573977812e-001 -1.2900398988933930e-002
      1.0756729272736831e-001 -1.9742297642279632e+002
      1.2485530712485911e+002 3.9511049032806800e+003
      -1.5661815736953202e-001 2.8062352676132396e-001
      1.6537005582844974e-002 -6.1611734811646187e+001
      7.2566289763804539e+000 3.6911112882036168e+003
      3.1272114860607915e-002 4.9445043113416209e-001
      7.2233457173368917e-002 9.6552575391246307e+001
      5.4477302895005899e+001 3.4764871524610489e+003
      3.7440102356986291e-002 -5.1796223785364304e-001
      1.5003470122171134e+000 -3.1532372230737966e+001
      1.7890290681187714e+001 3.1621569202924411e+003
      4.0200428242550745e-001 -2.6216289873833193e-001
      1.3524861191846102e-002 -2.7175755178666202e+002
      -2.4229891286960076e+001 3.0993475759510275e+003
      5.2245319578937299e-001 -1.6944765051394167e-001
      5.7387635565184857e-002 -2.8612551447774376e+002
      -1.4793156724093294e+002 3.0739514452581016e+003
      5.7221924918457923e-001 -5.5877286990624227e-002
      5.1127813103511374e-003 -2.5951163299415856e+002
      -2.1682607783308154e+002 3.0733888765838628e+003
      4.4234836813926143e-001 1.1113280872480891e-001
      6.7218446232464230e-002 -1.1361439688103951e+002
      -2.5859962453827683e+002 3.7574279487796293e+003
      1.4624009326452853e-001 2.6490147623337956e-001
      7.4712558188878300e-002 9.1643815009982191e+001
      -1.9411302966996030e+002 5.2497478959608961e+003
      -1.2270100263917975e-001 -1.4522004447412296e-001
      6.3222833931798492e-002 5.6016119717135510e+001
      -2.0415834047241913e+002 5.0500375615873027e+003
      2.4948089007899431e-002 2.5410016188521317e-001
      4.9797865641603628e-002 4.3190631590233664e+001
      -1.5343278481537087e+002 4.5554990108043448e+003
      1.2990430793925195e-001 4.3485894523808655e-001
      4.6441772905957059e-002 1.1990355947446569e+002
      -1.2058851162599214e+002 4.3586781012616129e+003
    </data>
  </Extrinsic_Parameters>
  <Image_points type_id="opencv-matrix">
    <rows>15</rows>
    <cols>49</cols>
    <dt>"2f"</dt>
    <data>
      5.89470032e+002 3.10958740e+002 5.66856689e+002 3.07907623e+002
      5.45098755e+002 3.04871948e+002 5.24800903e+002 3.01857574e+002
      5.05041931e+002 2.98957031e+002 4.86560699e+002 2.96363495e+002
      4.68596558e+002 2.93733582e+002 5.89010681e+002 2.89021088e+002
      5.66279114e+002 2.86411041e+002 5.45063721e+002 2.84013977e+002
      5.24691528e+002 2.81666229e+002 5.05373627e+002 2.79117035e+002
      4.86872284e+002 2.77173431e+002 4.69472595e+002 2.75005005e+002
      5.88295166e+002 2.67707947e+002 5.66023865e+002 2.65774689e+002
      5.44706177e+002 2.63752075e+002 5.24834778e+002 2.61874115e+002
      5.05508789e+002 2.59968323e+002 4.87500153e+002 2.58352661e+002
      4.70154755e+002 2.56635315e+002 5.87659241e+002 2.46897980e+002
      5.65349670e+002 2.45462463e+002 5.44613953e+002 2.44041565e+002
      5.24667786e+002 2.42603119e+002 5.05911591e+002 2.41277496e+002
      4.87737976e+002 2.40157135e+002 4.71014954e+002 2.38839005e+002
      5.86779236e+002 2.26460648e+002 5.65030640e+002 2.25631851e+002
      5.44375122e+002 2.24518921e+002 5.24915283e+002 2.23805023e+002
      5.06153595e+002 2.22922058e+002 4.88542755e+002 2.22150162e+002
      4.71433655e+002 2.21363419e+002 5.85977722e+002 2.06855743e+002
      5.64415894e+002 2.06480331e+002 5.44219971e+002 2.06021317e+002
      5.24796265e+002 2.05588821e+002 5.06404175e+002 2.05138168e+002
      4.88863953e+002 2.04769241e+002 4.72191986e+002 2.04350510e+002
      5.85053772e+002 1.87528809e+002 5.64030701e+002 1.87649185e+002
      5.43810730e+002 1.87652832e+002 5.24921082e+002 1.87691299e+002
      5.06526611e+002 1.87727020e+002 4.89393768e+002 1.87700073e+002
      4.72749542e+002 1.87705139e+002 4.28412231e+002 1.53246613e+002
      4.45023346e+002 1.53926468e+002 4.61828094e+002 1.54573334e+002
      4.79615448e+002 1.55418686e+002 4.97622070e+002 1.56184174e+002
      5.16496277e+002 1.56832352e+002 5.36013306e+002 1.57686752e+002
      4.26782318e+002 1.69902725e+002 4.43512878e+002 1.70985184e+002
      4.60777618e+002 1.71993668e+002 4.78610687e+002 1.73198547e+002
      4.97093597e+002 1.74162857e+002 5.16135376e+002 1.75348648e+002
      5.36008423e+002 1.76317871e+002 4.24894562e+002 1.87254074e+002
      4.42121826e+002 1.88579315e+002 4.59625824e+002 1.89853333e+002
      4.77800171e+002 1.91239197e+002 4.96361511e+002 1.92565125e+002
      5.15874084e+002 1.94083725e+002 5.36126099e+002 1.95611145e+002
      4.23512634e+002 2.05253586e+002 4.40502563e+002 2.06950546e+002
      4.58429688e+002 2.08349075e+002 4.76691681e+002 2.10214493e+002
      4.95795532e+002 2.11957794e+002 5.15427185e+002 2.13777679e+002
      5.36266479e+002 2.15665771e+002 4.21520691e+002 2.23621353e+002
      4.39163788e+002 2.25504456e+002 4.56954041e+002 2.27526016e+002
      4.75932373e+002 2.29636230e+002 4.95023926e+002 2.31833527e+002
      5.15324097e+002 2.33988449e+002 5.36088562e+002 2.36426666e+002
      4.19806702e+002 2.42662811e+002 4.37344971e+002 2.44970810e+002
      4.55969666e+002 2.47205673e+002 4.74718414e+002 2.49637619e+002
      4.94511139e+002 2.52226334e+002 5.14642700e+002 2.54793854e+002
      5.36147644e+002 2.57530670e+002 4.17684753e+002 2.62316559e+002
      4.35839569e+002 2.64992432e+002 4.54372040e+002 2.67662292e+002
      4.73796631e+002 2.70473145e+002 4.93629883e+002 2.73412994e+002
      5.14426880e+002 2.76451996e+002 5.35764709e+002 2.79576538e+002
      3.43365875e+002 1.32035660e+002 3.62658142e+002 1.36406143e+002
      3.81048889e+002 1.40640427e+002 4.00173767e+002 1.44867523e+002
      4.18262238e+002 1.49075760e+002 4.37252014e+002 1.53085464e+002
      4.55408539e+002 1.57473068e+002 3.39988617e+002 1.50550156e+002
